%YAML:1.0
---
K: !!opencv-matrix
   rows: 3
   cols: 3
   dt: d
   data: [ 4.9350028035371434e+02, 0., 3.1889472537064762e+02, 0.,
       4.9752379240241839e+02, 2.3323580951832940e+02, 0., 0., 1. ]
D: !!opencv-matrix
   rows: 1
   cols: 5
   dt: d
   data: [ 1.3514513045692980e-01, -4.8663060594638929e-01,
       6.3572242938879548e-04, 5.6972282484044220e-04,
       5.4433200932025450e-01 ]
